MEMORY
  total             6.2 MB
  struct          159.0 KB
  buffer           11.3 KB
  arena             6.0 MB, used 0.5%

SIZES
  narena                6291456
  nbuffer               11568
  nplugin               0
  maxuse_stack          1816
  maxuse_arena          30592
  maxuse_con            4
  maxuse_efc            16
  solver_nisland        1
  ncon                  1
  ne                    0
  nf                    0
  nl                    0
  nefc                  4
  nJ                    16
  nA                    0
  nisland               0
  threadpool            0

TIMER
    0:  duration =  0.2        number = 3
    1:  duration =  0.19       number = 3
    2:  duration =  0          number = 0
    3:  duration =  0.12       number = 3
    4:  duration =  0.014      number = 3
    5:  duration =  0.0064     number = 3
    6:  duration =  0.029      number = 3
    7:  duration =  0.0042     number = 3
    8:  duration =  0.056      number = 3
    9:  duration =  0.0047     number = 3
    10:  duration =  0.032      number = 3
    11:  duration =  0.028      number = 3
    12:  duration =  0.00089    number = 3
    13:  duration =  0.016      number = 3
    14:  duration =  0.015      number = 3

SOLVER STAT
  solver_nisland = 1
  solver_fwdinv =   0         0       
  ISLAND 0
    solver_niter = 1
    solver_nnz = 16
      0:  improvement =  0           gradient =  1.6e-16     lineslope =  0       
          nactive = 4   nchange = 0   neval = 2   nupdate = 0

ENERGY =   0         0       

TIME =  80      

QPOS
   0.07    
  -0.034   
   0.16    
  -0.026   

QVEL
   2.4e-17 
  -7.5e-16 
  -2.5e-16 
   5.3e-16 

ACT
   0       
   0.07    
   1       

QACC_WARMSTART
  -4.3e-15 
  -1.7e-14 
  -2.1e-14 
  -1.5e-14 

CTRL
   0       
   0.07    
   1       

QFRC_APPLIED
   0       
   0       
   0       
   0       

XFRC_APPLIED
   0         0         0         0         0         0       
   0         0         0         0         0         0       
   0         0         0         0         0         0       
   0         0         0         0         0         0       
   0         0         0         0         0         0       

QACC
  -4.3e-15 
  -1.7e-14 
  -2.1e-14 
  -1.5e-14 

ACT_DOT
   0       
  -1.3e-15 
   5.6e-15 

SENSOR
   10      

XPOS
   0         0         0       
   0.07      0         0.47    
  -0.43     -0.25      0.47    
  -0.61     -0.25      0.25    
  -0.49     -0.25      0.034   

XQUAT
   1         0         0         0       
   1         0         0         0       
   1         0         0.08      0       
   1         0         0.067     0       
   1         0         0.067     0       

XMAT
   1         0         0         0         1         0         0         0         1       
   1         0         0         0         1         0         0         0         1       
   0.99      0         0.16      0         1         0        -0.16      0         0.99    
   0.99      0         0.13      0         1         0        -0.13      0         0.99    
   0.99      0         0.13      0         1         0        -0.13      0         0.99    

XIPOS
   0         0         0       
  -0.43     -0.25      0.67    
  -0.48     -0.25      0.41    
  -0.58     -0.25      0.2     
  -0.49     -0.25      0.034   

XIMAT
   1         0         0         0         1         0         0         0         1       
   1         0         0         0         1         0         0         0         1       
  -5.6e-17  -0.77      0.63      1         5.6e-17   0         0         0.63      0.77    
   0        -0.89     -0.46      1         0         0         0        -0.46      0.89    
   0.99      0         0.13      0         1         0        -0.13      0         0.99    

XANCHOR
   0         0         0.5     
   0.07      0         0.5     
  -0.43     -0.25      0.47    
  -0.61     -0.25      0.25    

XAXIS
   1         0         0       
   0         0         1       
   0         1         0       
   0         1         0       

GEOM_XPOS
   0         0         0       
  -0.43     -0.25      0.67    
  -0.43     -0.25      0.47    
  -0.52     -0.25      0.36    
  -0.61     -0.25      0.25    
  -0.55     -0.25      0.15    
  -0.49     -0.25      0.034   

GEOM_XMAT
   1         0         0         0         1         0         0         0         1       
   1         0         0         0         1         0         0         0         1       
   0.99     -0.16      0         0         0         1        -0.16     -0.99      0       
   0.78      0         0.63      0         1         0        -0.63      0         0.78    
   0.99     -0.13      0         0         0         1        -0.13     -0.99      0       
   0.89     -0        -0.45      0         1        -0         0.45      0         0.89    
   0.99      0         0.13      0         1         0        -0.13      0         0.99    

SITE_XPOS
  -0.28     -0.25      0.72    
  -0.58     -0.25      0.62    
  -0.28     -0.25      0.62    
  -0.51     -0.25      0.6     
  -0.28     -0.25      0.41    
  -0.44     -0.25      0.37    
  -0.57     -0.25      0.42    
  -0.51     -0.25      0.36    
  -0.74     -0.25      0.18    
  -0.47     -0.25      0.32    
  -0.61     -0.25      0.15    
  -0.52     -0.25      0.2     
  -0.49     -0.25      0.034   

SITE_XMAT
   1         0         0         0         1         0         0         0         1       
   1         0         0         0         1         0         0         0         1       
   1         0         0         0         1         0         0         0         1       
   0.99      0         0.16      0         1         0        -0.16      0         0.99    
   0.99      0         0.16      0         1         0        -0.16      0         0.99    
   0.99      0         0.16      0         1         0        -0.16      0         0.99    
   0.99      0         0.16      0         1         0        -0.16      0         0.99    
   0.99      0         0.16      0         1         0        -0.16      0         0.99    
   0.99      0         0.13      0         1         0        -0.13      0         0.99    
   0.99      0         0.13      0         1         0        -0.13      0         0.99    
   0.99      0         0.13      0         1         0        -0.13      0         0.99    
   0.99      0         0.13      0         1         0        -0.13      0         0.99    
   0.89     -0        -0.45      0         1        -0         0.45      0         0.89    

CAM_XPOS
   0.057    -3         0.77    

CAM_XMAT
   1         0         0         0         0        -1         0         1         0       

LIGHT_XPOS
   0         0         1.3     

LIGHT_XDIR
   0         0        -1       

SUBTREE_COM
  -0.48     -0.25      0.48    
  -0.48     -0.25      0.48    
  -0.53     -0.25      0.3     
  -0.57     -0.25      0.19    
  -0.49     -0.25      0.034   

CDOF
   0         0         0         1         0         0       
   0         0         0         0         0         1       
   0         1         0         0.019    -0         0.047   
   0         1         0         0.23      0        -0.13    

CINERT
   0         0         0         0         0         0         0         0         0         0       
   0.019     0.026     0.01      0        -0.0045    0         0.025     0         0.095     0.53    
   0.0035    0.0045    0.0014   -2.9e-19  -0.0012    1e-19    -0.00037   0        -0.02      0.26    
   0.021     0.023     0.0032    0        -0.0063    0        -0.024     0        -0.067     0.24    
   0.0036    0.0036    1.7e-05   0        -0.00014   0        -0.00031   0        -0.008     0.018   

TEN_LENGTH
   0.61    
   0.42    
   0.69    

TEN_MOMENT
   0         0        -0.075     0.086   
   0         0         0.075     0       
   0         0        -0.075    -0.075   

TENDON 0: 5 wrap points
    -1:   -0.28     -0.25      0.72    
    2:   -0.48     -0.25      0.52    
    2:   -0.5      -0.25      0.47    
    -1:   -0.51     -0.25      0.36    
    -1:   -0.52     -0.25      0.2     

TENDON 1: 4 wrap points
    -1:   -0.58     -0.25      0.62    
    2:   -0.4      -0.25      0.53    
    2:   -0.39     -0.25      0.4     
    -1:   -0.44     -0.25      0.37    

TENDON 2: 7 wrap points
    -1:   -0.28     -0.25      0.62    
    2:   -0.46     -0.25      0.53    
    2:   -0.49     -0.25      0.51    
    -1:   -0.57     -0.25      0.42    
    4:   -0.67     -0.25      0.3     
    4:   -0.66     -0.25      0.2     
    -1:   -0.61     -0.25      0.15    

ACTUATOR_LENGTH
   0.61    
   0.42    
   0.69    

actuator_moment
------
   xx |
   x  |
   xx |
------

ACTUATOR_MOMENT
     2: -0.075      3:  0.086   
     2:  0.075   
     2: -0.075      3: -0.075   

CRB
   0         0         0         0         0         0         0         0         0         0       
   0.047     0.057     0.015    -2.9e-19  -0.012     1e-19     7.6e-17   0        -5.6e-17   1       
   0.028     0.032     0.0046   -2.9e-19  -0.0077    1e-19    -0.025     0        -0.095     0.51    
   0.024     0.027     0.0032    0        -0.0064    0        -0.025     0        -0.075     0.25    
   0.0036    0.0036    1.7e-05   0        -0.00014   0        -0.00031   0        -0.008     0.018   

QM
   1       
   0         1       
  -0.085     0.049     0.13    
  -0.016    -0.0083    0.0056    0.1     

QLD
     0:  0.98    
     0:  0.03       1:  1       
     0: -0.65       1:  0.38       2:  0.13    
     0: -0.15       1: -0.08       2:  0.054      3:  0.1     

QLDIAGINV
   1       
   0.98    
   7.6     
   9.6     

B: body-dof matrix
------
 xxxx |
 xxxx |
 xxxx |
 xxxx |
 xxxx |
------

B_rownnz              4 4 4 4 4

B_rowadr              0 4 8 12 16

B_colind              0 1 2 3 0 1 2 3 0 1 2 3 0 1 2 3 0 1 2 3

C: reduced dof-dof matrix
------
 x    |
 xx   |
 xxx  |
 xxxx |
------

C_rownnz              1 2 3 4

C_rowadr              0 1 3 6

C_colind              0 0 1 0 1 2 0 1 2 3

mapM2C                0 2 1 5 4 3 9 8 7 6

D: dof-dof matrix
------
 Dxxx |
 xDxx |
 xxDx |
 xxxD |
------

D_rownnz              4 4 4 4

D_rowadr              0 4 8 12

D_colind              0 1 2 3 0 1 2 3 0 1 2 3 0 1 2 3

mapM2D                0 2 5 9 2 1 4 8 5 4 3 7 9 8 7 6

mapD2M                0 5 4 10 9 8 15 14 13 12

QDERIV
     0:  0          1:  0          2:  0          3:  0       
     0:  0          1:  0          2:  0          3:  0       
     0:  0          1:  0          2:  0          3:  0       
     0:  0          1:  0          2:  0          3:  0       

QLU
     0:  0          1:  0          2:  0          3:  0       
     0:  0          1:  0          2:  0          3:  0       
     0:  0          1:  0          2:  0          3:  0       
     0:  0          1:  0          2:  0          3:  0       

CONTACT
  0:
     dim           3
     geoms         floor : rbfoot
     exclude       0
     efc_address   0
     solref         0.02      1       
     solimp         0         0.8       0.01      0.5       2       
     dist          -0.0057  
     includemargin  0       
     pos           -0.49     -0.25     -0.0029  
     frame          0         0         1         0         1         0        -1         0         0       
     friction       1         1         0.1       0.1       0.1     
     mu             1       

EFC_TYPE
  6
  6
  6
  6

EFC_ID
  0
  0
  0
  0

EFC_J
   0         1         0.065    -0.11    
   0         1         0.065    -0.11    
  -1         1         0.53      0.14    
   1         1        -0.4      -0.37    

EFC_POS
  -0.0057  
  -0.0057  
  -0.0057  
  -0.0057  

EFC_MARGIN
   0       
   0       
   0       
   0       

EFC_FRICTIONLOSS
   0       
   0       
   0       
   0       

EFC_DIAGAPPROX
   4.5     
   4.5     
   4.5     
   4.5     

EFC_KBIP
   3.9e+03   1.2e+02   0.51     -1.4e+02 
   3.9e+03   1.2e+02   0.51     -1.4e+02 
   3.9e+03   1.2e+02   0.51     -1.4e+02 
   3.9e+03   1.2e+02   0.51     -1.4e+02 

EFC_D
   0.23    
   0.23    
   0.23    
   0.23    

EFC_R
   4.4     
   4.4     
   4.4     
   4.4     

TEN_VELOCITY
   6.2e-17 
  -1.1e-17 
  -3.3e-17 

ACTUATOR_VELOCITY
   6.2e-17 
  -1.1e-17 
  -3.3e-17 

CVEL
   0         0         0         0         0         0       
   0         0         0         4.4e-17   0        -6.6e-16 
   0        -1.5e-16   0         4.2e-17   0        -6.7e-16 
   0         4.4e-16   0         1.8e-16   0        -7.4e-16 
   0         4.4e-16   0         1.8e-16   0        -7.4e-16 

CDOF_DOT
   0         0         0         0         0         0       
   0         0         0         0         0         0       
   0         0         0         6.6e-16   0         4.4e-17 
  -0         0         0         6.9e-16   0         7.6e-17 

QFRC_BIAS
  -4e-34   
   10      
   0.48    
  -0.081   

QFRC_SPRING
   0       
   0       
  -0.68    
   0.12    

QFRC_DAMPER
   0       
   0       
   2.2e-16 
  -5.9e-16 

QFRC_GRAVCOMP
   0       
   0       
   0       
   0       

QFRC_FLUID
   0       
   0       
   0       
   0       

QFRC_PASSIVE
   0       
   0       
  -0.68    
   0.12    

EFC_VEL
  -7.4e-16 
  -7.4e-16 
  -7e-16   
  -7.7e-16 

EFC_AREF
   11      
   11      
   11      
   11      

SUBTREE_LINVEL
   0         0         0       
   0         0         0       
   0         0         0       
   0         0         0       
   0         0         0       

SUBTREE_ANGMOM
   0         0         0       
   0         0         0       
   0         0         0       
   0         0         0       
   0         0         0       

ACTUATOR_FORCE
   0       
  -5.8     
  -13      

QFRC_ACTUATOR
   0       
   0       
   0.51    
   0.94    

QFRC_SMOOTH
   4e-34   
  -10      
  -0.66    
   1.1     

QACC_SMOOTH
   0.0026  
  -9.6     
  -1.9     
   10      

EFC_B
  -22      
  -22      
  -20      
  -24      

EFC_FORCE
   2.6     
   2.6     
   2.6     
   2.6     

EFC_STATE
  1
  1
  1
  1

QFRC_CONSTRAINT
  -2.2e-15 
   10      
   0.66    
  -1.1     

QFRC_INVERSE
   0       
   0       
   0       
   0       

CACC
   0         0         0         0         0         0       
   0         0         0         0         0         0       
   0         0         0         0         0         0       
   0         0         0         0         0         0       
   0         0         0         0         0         0       

CFRC_INT
   0         0         0         0         0         0       
   0         0         0         0         0         0       
   0         0         0         0         0         0       
   0         0         0         0         0         0       
   0         0         0         0         0         0       

CFRC_EXT
   0         0         0         0         0         0       
   0         0         0         0         0         0       
   0         0         0         0         0         0       
   0         0         0         0         0         0       
   0         0         0         0         0         0       

TENDON_EFCADR         -1 -1 -1

